1.章鱼哥,主治医师,剩余号数:48
2.凯尔西,教授,停诊
3.嘉维尔,主治医师,剩余号数:49
4.罪木蜜柑,副主任医师,剩余号数:19
5.观音菩萨,副主任医师,停诊
*************************************
 8,18,5,10,2,2,0,0,0,0,0
10,20,5,10,2,2,1,0,0,0,0
 9,19,5,10,2,2,2,0,0,0,0
10,20,4,10,2,2,3,0,0,0,0
10,20,5,10,2,2,4,0,0,0,0
-------------------------------------
1.阿,主治医师,剩余号数:49
2.华法林,教授,停诊
3.白面鸮,主治医师,剩余号数:15
4.夜莺,副主任医师,剩余号数:20
*************************************
 9,19,5,10,2,2,0,0,0,0,0
10,20,5,10,2,2,1,0,0,0,0
10,17,5, 9,2,2,2,0,0,0,0
10,20,5,10,2,2,3,0,0,0,0
-------------------------------------
1.阿,主治医师,剩余号数:49
2.华法林,教授,停诊
3.白面鸮,主治医师,剩余号数:16
4.薛宝钗,副主任医师,剩余号数:18
*************************************
10,19,5,10,2,2,0,0,0,0,0
10,20,5,10,2,2,1,0,0,0,0
10,20,5,10,2,2,2,0,0,0,0
10,20,3,10,2,2,3,0,0,0,0
-------------------------------------
1.阿,主治医师,剩余号数:49
2.华法林,教授,停诊
3.白面鸮,主治医师,剩余号数:16
4.阿尔伯特,副主任医师,剩余号数:19
*************************************
10,19,5,10,2,2,0,0,0,0,0
10,20,5,10,2,2,1,0,0,0,0
10,20,5,10,2,2,2,0,0,0,0
10,20,4,10,2,2,3,0,0,0,0
-------------------------------------
1.陈拾,主治医师,剩余号数:49
2.华法林,教授,停诊
3.白面鸮,主治医师,剩余号数:16
4.阿尔伯特,副主任医师,剩余号数:20
*************************************
10,19,5,10,2,2,0,0,0,0,0
10,20,5,10,2,2,1,0,0,0,0
10,20,5,10,2,2,2,0,0,0,0
10,20,5,10,2,2,3,0,0,0,0
-------------------------------------
1.阿比盖尔,主治医师,剩余号数:49
2.华法林,教授,停诊
3.白面鸮,主治医师,剩余号数:16
4.阿尔伯特,副主任医师,剩余号数:20
*************************************
10,19,5,10,2,2,0,0,0,0,0
10,20,5,10,2,2,1,0,0,0,0
10,20,5,10,2,2,2,0,0,0,0
10,20,5,10,2,2,3,0,0,0,0
-------------------------------------
1.流明,主治医师,剩余号数:49
2.华法林,教授,停诊
3.白面鸮,主治医师,剩余号数:16
4.阿尔伯特,副主任医师,剩余号数:20
*************************************
10,19,5,10,2,2,0,0,0,0,0
10,20,5,10,2,2,1,0,0,0,0
10,20,5,10,2,2,2,0,0,0,0
10,20,5,10,2,2,3,0,0,0,0
-------------------------------------
1.末药,主治医师,剩余号数:49
2.华法林,教授,停诊
3.白面鸮,主治医师,剩余号数:16
4.阿尔伯特,副主任医师,剩余号数:19
*************************************
10,19,5,10,2,2,0,0,0,0,0
10,20,5,10,2,2,1,0,0,0,0
10,20,5,10,2,2,2,0,0,0,0
10,19,5,10,2,2,3,0,0,0,0
-------------------------------------
1.黄牙,主治医师,剩余号数:49
2.华法林,教授,停诊
3.白面鸮,主治医师,剩余号数:16
4.阿尔伯特,副主任医师,剩余号数:20
*************************************
10,19,5,10,2,2,0,0,0,0,0
10,20,5,10,2,2,1,0,0,0,0
10,20,5,10,2,2,2,0,0,0,0
10,20,5,10,2,2,3,0,0,0,0
-------------------------------------
1.猫爷,主治医师,剩余号数:49
2.华法林,教授,停诊
3.白面鸮,主治医师,剩余号数:16
4.阿尔伯特,副主任医师,剩余号数:20
*************************************
10,19,5,10,2,2,0,0,0,4,0
10,20,5,10,2,2,1,0,0,0,0
10,20,5,10,2,2,2,0,0,0,0
10,20,5,10,2,2,3,0,0,0,0
-------------------------------------